-4968
-7314
2884
4209
5082
-3833
-5585
200
-4804
7512
5216
5848
-9653
2512
155
-1299
4521
-4782
-901
2878
5140
-9810
-9879
9205
5271
-9468
4916
4476
6725
-4288
-9879
-823
-8343
5105
-4761
9708
587
-6727
-9736
-868
4160
-4805
-5409
-1897
3628
-4370
-9995
7
-7067
-8580
-9757
9907
-342
-4999
-5177
-5914
-9810
-4773
5376
-4853
-4940
-5638
3595
5508
5053
-9589
-24
-6852
5211
4000
-5920
-9389
4605
4999
-9299
5123
5021
-9682
8795
4988
9438
-9685
5378
5561
512
8702
3153
-4634
-1387
-9797
-9216
-5016
-136
-9460
-7868
-9750
7273
-65
-9452
-9760
472
-4759
-1606
5165
2874
612
5351
75
-5234
4835
2921
-5683
9163
3380
-8960
-9147
5826
-6715
-4179
-2253
134
1390
-4325
-6290
4768
6676
-6366
-4963
5948
-3323
3551
-1254
-4325
-5932
-5990
9273
-7768
1104
-9345
-9213
-116
9943
709
9559
-7338
-1453
-909
4791
-4962
-5516
908
-1314
-4102
-9931
8498
-8969
-9120
6009
-5194
-4598
8882
-48
-9167
4021
-7052
-9323
-5248
-96
-4008
5037
-7122
-4097
-5152
5001
-1495
-4598
-4327
-4796
-3624
4851
955
-7576
-4370
-1752
-9614
8803
-1548
580
5860
7338
-9571
5606
700
1073
70
2458
-391
-2075
8856
9958
-5081
-2576
4386
1881
-8993
-9778
2478
9600
-4409
5179
-9900
5649
4359
5321
7739
2354
4983
-24
5043
-9730
-4985
6192
3968
2425
4145
2554
-9548
408
313
5148
2983
4280
768
-5815
-8844
-506
-4402
-4221
-7062
-9778
3103
906
5225
9777
-9397
370
-5616
-9264
-4406
4593
7693
-4791
-4069
5127
-3883
-4013
6345
9366
-7881
-306
-6034
-3374
-3907
-9031
5897
-4598
375
74
-8511
56
5647
-7397
-4121
6241
-4248
6047
-6746
5211
5586
7916
-1169
-270
56
-7177
3590
6449
-8619
-9962
-9602
-2716
-3827
3855
5036
-4735
-1648
4761
955
-706
521
4916
-654
-9883
4258
-4378
5909
3711
1177
201
-15
6309
-4791
-5075
-9167
-4245
608
-581
5885
-9764
208
141
-2801
-1626
56
-1911
-2558
-755
5227
8669
-9902
4996
5021
-3630
-9018
-4016
-8931
-4003
-5256
2972
-9708
-232
1115
1152
126
-1824
7647
-8940
3851
-8825
2232
-5183
-3885
-8064
-1585
9
-8902
874
-9709
863
-4484
-3464
-1841
8309
-6824
201
6474
9460
-4357
-8729
-8922
-9098
41
-1690
8524
-1640
8645
-6050
-3686
-3669
-8795
113
-8453
4712
6536
673
-8608
-8653
-5045
717
-9424
1314
-3980
-8453
-6750
6195
6083
354
-302
-1562
5822
6911
5468
-442
4341
1587
7270
5586
-9236
291
-224
4234
-9503
-9990
-3774
-4005
-8723
3358
-7289
1662
-9275
511
4829
5161
620
8496
-9902
-5772
7468
4508
-1816
-3933
-2972
-8602
5071
5285
-3845
5012
-8744
4988
-4205
-4745
1532
-9036
6707
346
-4233
-973
-4651
-7173
-9960
-6624
9932
-5719
1111
-4113
-9730
-8500
-4047
9115
3095
-6009
-4689
-2536
1289
-9207
1397
-8552
3175
159
-4589
5143
1388
7721
9871
-2534
8568
1142
5143
-4899
957
5143
-5439
2306
7802
4750
-4856
8741
75
-2686
-3783
-4651
1548
-4251
-3958
9998
1361
-8967
-860
-8568
-9713
-5558
1139
5874
5895
1837
1440
9679
5723
597
-9454
8326
6934
-5489
3847
-9042
5792
5586
9315
-3399
1115
8261
-8759
-3844
9575
-556
-669
-102
5731
292
6611
-7102
-4140
-1132
-10000
1065
-8599
9917
374
-8254
-4129
-5001
454
-6051
6570
5623
5398
-8462
8428
-3402
4057
1119
-9207
-6878
6058
-310
1254
-8244
745
9684
9649
9247
6918
1626
-8848
5227
121
-2205
3448
-3868
5317
-3129
1219
-3589
1388
-3322
5549
1309
-4766
-582
-9839
8412
-3167
-9971
5885
-3334
6274
-1340
1820
-5016
-9857
-7279
-8871
-3516
4327
599
-4580
-5884
7733
-4366
994
321
5897
-3169
-3279
-5695
-8759
4860
3227
1175
-8366
-1026
5447
-4013
-8608
4511
-1805
5447
8873
6820
8324
-8654
-7358
-9220
6974
-9569
2164
4944
-4365
1728
-3867
-6083
8233
1625
5063
-992
-9292
-4586
-4523
2699
-5591
-8687
6529
3550
3009
1334
1924
8274
-8005
1961
-7939
9353
-4462
-9808
-4596
1007
-5217
-4836
105
-9545
6140
-9402
-8790
-8249
3884
5421
-3634
-3862
-9857
2743
482
1572
6027
-725
6770
5773
-5188
2045
3611
6484
5285
391
-300
8918
-437
-6101
9816
1880
-3002
-8355
-8715
5387
9973
1626
6080
5653
-5040
8766
724
9709
1173
5741
-4813
1819
6065
858
2408
-4421
-1170
5427
6838
4848
-814
9640
4743
6615
381
4917
-9719
-3864
1158
710
-1852
6047
-3238
-4218
3345
-9577
884
822
-3919
9151
8298
7896
714
-9028
4219
-1682
3953
508
-9618
1190
-616
-5114
-8004
5111
2064
953
-9146
3452
-7684
-1104
2122
9188
-5182
5728
1720
7282
-3926
5812
7042
-8382
-3322
-7887
-8243
-4751
-1767
-3293
-9275
5710
5669
-8172
-104
6508
-3572
-2934
9440
-2915
858
2086
4116
3920
-9865
3434
-7981
-9405
5485
-4119
-2409
-8155
-3649
-2909
-4137
8421
-9081
5648
-4261
-9808
-4847
5148
-5496
6525
4350
6254
4895
8833
-8199
-9437
6103
2484
-1025
1915
98
7159
-4586
-8518
1417
3973
1650
-3167
-3320
1802
-5247
5012
8254
1065
535
7219
-8839
2048
3046
-2862
3496
7154
-3267
-7765
-4010
-8723
321
-4877
-5122
8614
6029
4266
8265
-7527
-9569
-2064
-8338
4846
5489
-4459
1502
-928
620
-3261
-9911
7031
-3647
1408
-3319
-4751
3519
5723
1238
-8191
1115
-1380
-4219
-3143
1091
547
5981
-5738
70
1700
4201
5648
-5441
-3264
9798
995
-9866
-8094
1604
6147
5895
8582
7354
30
-3889
-4846
6431
-6597
-266
2249
5594
-8833
1978
108
-3290
-9555
-2792
4501
-6445
-642
3214
-1646
-3792
-8438
1496
6724
-5040
712
1720
-10000
-1443
6278
1947
-4441
-3601
880
1985
-4366
-2516
5680
-292
348
-8664
1518
-8934
6566
6902
1329
-9263
2984
7490
802
6994
8270
5637
-6426
2024
-4640
-8185
5672
-9076
2576
6652
6001
1631
3842
4834
2062
-4261
6685
-5061
-4916
7316
4996
5143
5083
8506
348
-8368
8901
-6948
-9532
-3457
-2701
-3995
5076
2222
1768
1140
-3802
-5348
7858
-5470
-1172
822
7151
2188
6367
6612
4505
-7690
-2708
-4166
-4434
-8429
-8550
-3735
6885
-6347
-8717
-1591
-3513
5289
-8184
-4392
-4329
9877
-1490
-6809
-8092
-4528
9800
-8536
8863
2170
3639
-3450
1723
-8128
9049
-8375
7917
1207
-6417
-4769
6869
883
-7724
-8171
7167
-3822
-7108
1728
5705
-3744
5594
-7628
836
-4827
9825
-5507
6016
-4159
7001
-2781
-8052
9832
-9917
-2632
-231
-7296
6341
6636
9551
-7816
-7636
-9680
-9386
-7861
2414
-9102
4996
3492
-5374
1458
-5482
-9692
-7906
13
1918
-6520
3599
895
1213
2326
377
-5189
129
-9476
6148
-2371
6014
4739
6027
8505
1714
-5209
8623
-7767
-7865
720
8352
1402
-8142
-9058
-3209
9881
-2586
9308
9531
6319
-2744
3180
7306
-3481
-8848
6900
-5479
-5535
7081
1626
-8859
1740
9488
-8145
-7969
-3391
-8536
7499
-679
-8143
-1783
-6419
-3456
-7580
-8462
7637
209
-7500
5263
-7002
-7357
4428
-9458
-219
6640
-6180
1666
3608
-8079
-7478
1334
583
2448
5954
-4965
-4205
-3469
2511
-7739
4199
6004
7377
2422
7396
745
-9068
292
-8176
-4831
2081
2290
7480
5387
9933
-3214
919
7113
4956
234
-9263
-4595
-2705
1027
2331
6065
1988
5260
7551
-3054
6499
4331
-728
214
7918
-7558
-7841
-8158
-3120
-8254
784
-394
-4226
-3746
8626
-1307
2036
1361
-8256
-4398
7074
-9779
-8664
-9386
-5221
1519
4049
-1109
1878
6685
3348
-3236
853
6795
-1750
5510
771
4989
8983
-7432
-7863
-8812
5163
2021
-8973
-9184
-8280
1535
6140
9759
7113
2579
6572
2439
-6506
-8575
7519
6477
-1001
-4962
5794
5645
-3967
4876
-4590
-9434
6407
3729
-6344
-7624
-3834
-8536
-5047
-1015
-9761
-958
-2434
1759
1209
7648
-7839
-4337
7439
-3200
-2964
4135
-3401
1418
-1517
-8388
-7708
7394
-9028
2011
6109
6885
2282
-5451
-8911
1625
-4055
7375
-8145
-8693
-8322
-737
9281
-4137
-1614
-7486
1321
-2870
299
-4601
7073
2548
4931
7055
-3779
-9423
-8471
-9746
7386
-9962
-4978
-195
7092
-3241
1718
-2015
3710
2719
-8265
-3009
823
7518
-2848
224
-3996
588
-9625
2750
-2871
244
-7534
-8118
-4022
-5988
9264
7179
-8236
7691
7081
4583
-3161
2168
-3236
-6293
-8654
-9496
51
-9577
-4588
-7618
-4316
3583
1028
-3733
8280
7564
6613
7187
-2543
-4503
-3967
-9432
1091
7911
5525
-1088
-3008
8061
-1075
-3222
7504
-7758
9938
-5405
4890
6618
-3411
-3952
-7531
-7461
-9208
-3353
-3773
-7478
-1994
-9761
-2208
2630
-2523
-7976
-7619
-9038
5498
-9226
-9049
7365
2439
5872
-344
6681
-1018
1164
-4390
2582
6988
-6391
3572
-7698
234
-8881
836
2731
-7356
886
-5647
7585
-3996
5510
-7390
-8143
-7859
6070
-9234
5610
4529
4430
-4216
2713
-5993
-6041
2654
5291
-2293
-7390
-411
7426
-3952
4791
5046
-8767
6733
930
-3956
7157
-3991
6969
3327
2718
5643
-9518
1521
6017
6387
-8429
-3726
6838
-9625
-4742
-4424
-4194
7371
5164
4738
-4957
-6821
2292
9951
-3787
-9516
-3230
5219
-9023
-2179
-2391
7219
-7252
-5178
6260
-3795
5460
1500
8349
-4657
-4723
-68
-4434
-4437
7565
-3928
1825
-3699
5080
9291
-3115
6841
2869
7811
-7206
-3030
6454
-9643
5841
-3109
583
-9992
-9115
8792
9932
6853
-4205
-8725
-8617
8952
7848
-8382
-7844
8592
760
-8195
5270
-2391
-2909
-4424
4748
7984
-1529
-3167
-952
-9731
-8381
-8266
5858
-6872
-8414
8624
-9263
-435
-3994
-8382
395
-6433
6904
299
3673
299
615
-4872
5285
-7256
-8196
-8631
-3687
-2547
9932
-9218
601
4554
-7299
-9936
-7334
-9303
3879
-7186
-8220
6014
5068
535
-8871
-5436
-8282
7378
-8305
-7428
-9819
2610
5088
-8080
7808
-8905
-12
-7812
-2114
-7854
6254
-2425
-9257
-8880
-4459
-7006
1402
1407
-3277
2830
-7323
6745
6081
-3150
-6044
-8644
2745
-9578
-7112
-7315
6508
3305
698
4330
5527
-2888
-4666
9112
6664
-9239
5219
5867
4848
8520
6872
-5026
7515
2364
-6070
9096
7136
6889
-3977
6166
2447
-390
-5159
-8382
9340
2226
7096
6262
7113
9329
9727
-7285
8219
5527
6995
3312
-8385
930
6408
-2612
7881
9525
-6195
-7910
-7724
5527
-9992
-2434
1372
1246
2295
9908
7096
-5264
-4294
8883
-2006
6143
1631
6327
1434
-3353
-5633
-5194
-2291
2771
-3115
-1144
8692
-4308
4558
-3120
-2385
-9088
-3185
-2184
-9827
-5234
-7233
2959
-2039
-4390
2976
3755
1312
7963
-7633
4408
-9849
-2747
-9475
933
745
-4424
-2827
7109
5645
-6622
-7762
2644
3401
5237
6849
-7726
-7340
2001
1503
8026
1684
1604
-7345
-9578
6984
-4573
6319
8781
-5016
-9629
-8927
9369
6526
2887
-2348
1816
-2187
-3745
-3332
2771
-3954
4837
5108
7824
7489
-4474
5318
187
160
-3345
7081
-2061
3330
7926
-6058
5637
7742
-8834
-7084
225
7343
6379
6273
-2727
-9429
-2402
340
-99
5929
7667
507
-8375
-6891
0
2610
2561
-3007
6644
-104
7859
7565
-6465
-3293
-2107
2895
2375
8911
-3864
4761
-9694
3819
-5621
2135
-6162
-2439
-4963
8089
6819
-722
4367
-4308
8078
-3167
-7428
2827
5338
8086
-4612
3350
1327
-2746
7613
-6994
582
-4135
-9878
6079
3822
-2524
6905
-3097
9649
8771
2853
2752
-4437
2704
-3150
1050
7767
-3033
2097
-3054
6291
-1660
-4547
1902
4582
-7316
7709
3602
9388
-7726
-3510
-2592
-9546
-3101
-2441
9320
7725
-2482
9376
1684
-250
-2020
-7004
-16
2786
7651
6854
-2567
1730
-1074
-9221
7492
2828
-7797
-7402
-4921
-2402
2365
602
2865
1503
3346
9601
-1047
-2960
6636
1816
6652
-3372
1700
7909
7892
-2425
-4439
2295
-2809
-8429
4829
7669
2535
-2539
-3621
6434
-4424
-5486
4563
7459
6273
-3062
2459
8073
2894
-3679
-8161
-9967
3186
7444
-465
-2016
-9239
-8843
-3345
-9085
2997
-1955
6043
6409
-1982
-2257
-7513
-2941
-2488
-3262
-371
-1684
4711
5546
4352
-9555
407
-6877
731
5546
7609
-7451
6849
3440
3389
-7513
-720
-5567
9709
-4601
7201
-3290
-7830
4264
-8191
-1945
8073
-9080
8648
-2644
7211
7031
-9902
2651
3120
1451
482
7848
-2970
4186
-7958
-5250
-205
3109
4323
-6081
-4962
-5781
-8316
-3043
6225
-8409
-3901
-3901
-6769
9650
1517
-9199
-6174
-3918
2991
6647
-2963
-2654
-9495
6198
2275
-4001
1890
4616
-1195
-2564
1108
2048
-9103
4710
-2183
-3834
6616
1684
-9800
-8467
7664
-4299
7680
7436
-7426
404
-9184
-8441
-8631
183
-3066
5546
2869
-8750
-8885
1209
7215
117
99
4512
2250
-1588
-5570
2976
6294
300
8811
-6855
-9833
3923
2953
3246
-8662
-7473
670
6145
1777
-49
8767
9131
-7226
-8117
2667
-813
9698
405
8107
6287
3529
-6892
1737
6198
-9857
-2057
-1440
-6266
7551
-8103
-2139
9385
-8766
-8126
849
4318
-8664
-4300
9535
3365
3200
-6743
1595
974
791
2221
-5059
-7354
8067
7366
-3673
-996
-1866
-2438
-7186
5297
-3498
5587
-3840
-8455
-2466
7469
6187
1079
371
-3559
6693
9346
-6758
773
8292
3190
-7370
-7911
788
3266
-2813
-6168
-5223
-1758
6946
8279
-9221
9644
332
3240
-3409
-83
7570
1093
-2079
-3494
-8981
-8905
-9085
6043
-2220
-2314
2212
2487
1947
7469
-5264
7607
1199
7513
-2175
5424
-1801
-2777
-8826
-903
-8646
5587
-231
2819
6576
6451
-2101
1521
8087
-8007
-1845
-8646
6273
-7142
-2632
2304
1915
-5972
6664
-3810
-6143
-5227
-2248
-7275
-5655
8182
67
-9224
-7175
2879
2181
-5108
-2845
4658
3382
7979
-1818
5111
-998
6685
-6707
-2049
6043
-8266
-3016
-8543
4544
8308
-4622
-7787
6737
-9748
-1729
-5214
213
-6256
9903
4804
-7271
-2453
-6920
-2031
9037
2051
-6871
-6744
7850
-3450
-2590
-1629
2111
-3391
-104
-9472
-9377
-6849
-3954
4212
-7433
-7157
6650
-6744
-3773
2406
-3069
-6922
-5152
1407
-5779
-4590
8730
-5840
7561
4555
7485
-3120
-3994
-3353
5652
5793
-6773
159
583
-8758
8310
560
2072
7711
9480
7869
-7094
7001
-6830
371
7242
-8570
-8831
-4487
9471
8408
-2937
2757
3023
-8093
-7186
-4163
1327
-5361
3893
-2247
3533
6359
8096
-7636
-8626
-4590
8024
-2948
1511
-4789
-266
-7710
8026
6998
-7116
-1815
7225
-7004
-8508
4833
-9412
2459
-3991
2535
6613
3000
-1806
5931
5280
4121
5858
-8383
1269
-1620
-5320
-9408
9196
8394
-4001
2121
7442
-2219
8227
-7306
8878
2501
8345
-6721
5527
-6631
-3048
-4319
-6766
3978
6225
-8876
3294
-7612
718
6969
421
-2388
160
3418
-8239
-5222
7242
-7226
9891
7305
-3009
-1792
-7312
-8738
7725
8192
-5938
-425
-4491
-7166
2776
878
-9840
-6917
-4446
-2088
3115
-654
-6242
886
-8070
6988
8318
6956
3164
-3740
-7770
6617
-6962
-3552
-2377
-5620
-9093
4858
5440
-7333
5841
9933
-9154
3521
1076
9706
3215
-2272
4476
6232
-7136
3056
-3316
5719
1407
3149
-1100
5460
-6691
2754
-3119
3239
-8819
6319
-2916
3407
8535
-3391
-6462
-2500
6656
5724
-7063
7849
1277
-2048
8165
-6819
-8438
1921
636
37
7226
2859
2787
7339
6013
-6650
2839
-1940
-7832
1826
-9093
-4421
-2008
5857
-597
6319
-280
9759
7840
-8871
7735
-2050
-9093
-4470
-8336
-9520
3136
1938
-3265
1246
2592
8531
-9625
4927
8555
3212
-1585
6973
8000
9350
8527
-3511
7331
6880
4501
7179
5167
-4923
4923
-2052
2832
4835
-719
-3466
-1991
1684
2100
3585
5949
2296
5423
8524
1196
-3892
-8239
-629
-7526
-6742
8299
-8292
2261
-6288
-5749
-5671
820
-3628
-3357
-3411
8248
2394
-6869
6265
-3234
-394
1272
-7112
-1489
-5495
-1562
-6669
1595
2738
-6436
3123
6217
6226
-6790
-2131
8535
-7010
7963
9232
-6587
194
2427
7814
-1061
704
6081
3628
-8096
-8347
-2135
3870
6648
-6808
1434
6291
-2360
4983
4349
3568
-8449
-1979
-2488
-8629
-5006
-2786
7809
-2125
-8175
3172
9563
2932
7767
9340
-1465
-1543
-1465
-1046
3023
8395
8041
-9808
3768
7836
5652
5219
6922
-3848
-5168
-4441
346
-4470
-3139
-8611
-7431
-3866
6938
-9038
-6333
-1871
-3776
58
-6710
8354
-2922
-9372
-2351
-9600
3636
-4920
-7243
-1445
-1586
8229
-6904
-1523
-6287
6552
7470
-7989
3496
4361
-7842
-8180
188
7770
8071
2258
5902
4565
5211
8302
-9730
-9856
-4996
1470
-6382
-9093
8535
3523
-5271
-7222
-214
9234
1788
-2865
-4832
7
3366
-3563
6891
1246
-6034
-3120
-8659
4748
8405
7445
8535
8410
-3753
6304
-8347
-7724
-7898
8582
7856
1612
1206
-7308
-8314
-1247
-1401
-4424
-8215
-4046
4889
-7020
-7143
1244
5898
3505
-3139
-6445
-976
4321
3459
-6640
2972
-4056
-8586
-2059
8490
-2985
8623
-7273
-3048
6200
-7647
-4454
-5178
8830
-9093
1618
7314
8239
-4343
-8409
-2135
3571
-2075
-3498
-1299
7113
6472
-3248
1917
8521
7241
-8907
-4758
-6086
-3372
5969
-6617
-8441
4848
9552
-6363
320
-3476
-7534
-276
-6210
197
5719
-3991
-5187
-3924
3152
-8918
-2590
2002
7216
-7040
-3871
4175
3292
-7203
4576
1096
-8093
-6901
5863
8397
-2946
-2075
2918
-6363
-7329
3152
7783
4896
-1274
7383
8857
5969
-3237
-1201
-6220
7179
-5571
-6750
2234
8685
-8490
2932
-6944
-3345
8159
-5274
6847
5976
-8980
6956
8249
-9629
-1582
7765
3580
1327
3291
-2989
3723
6617
1470
7073
-2644
-7911
6969
-7063
3658
-2314
-1359
8026
-8383
-1963
1703
1872
-1532
-7665
-1817
-8467
7927
-7672
7643
6928
6264
197
3684
-6773
-4622
8830
-7204
1665
57
3828
6923
-8018
3824
9074
-8481
-2031
-1376
-6330
-6162
1517
-9680
2159
-1262
-8195
-7306
3850
-8927
1198
5053
2722
-4300
2250
5857
-6601
6569
8876
1832
2206
-4158
6097
4004
-8201
-1360
-8440
-2926
-9713
-8346
7379
7352
8623
-2936
9481
-1147
-6173
-8853
5256
5912
-7036
3175
-9084
-3747
2065
-2407
8837
-6279
-5540
7157
-8074
5195
8897
-6194
3433
8835
-8612
2985
-1611
-7862
3697
6518
6294
2456
3628
9530
-7314
2983
8721
1638
-3109
-3119
-4161
-4158
-2922
-1409
8165
7087
-2705
-3755
6693
-6877
2264
3475
-9115
8354
4336
-5471
6225
8274
2392
6451
3577
-6824
-1690
-7664
-1548
8518
-4731
-6173
-1896
4542
3091
-5830
-2763
7099
-5111
-4994
-8037
7719
-3840
-1130
-1561
-2994
-3372
-3419
4364
2814
5898
8370
-1439
6855
-5234
-5730
4711
-6085
704
-2434
9574
-4242
-1998
-2845
-681
4583
-2883
-128
-1688
5737
4889
-5304
8707
-6897
8621
6885
-798
2755
2473
-2888
-9692
-1484
-9724
-1866
-6500
-9142
2212
-1128
-9093
-6631
3082
4999
8683
-1640
6905
7721
-8336
8848
1239
-6587
8635
7127
3118
8137
-9839
-2926
-7451
4754
-1757
6922
-1852
-6078
-6700
-6081
-7062
-948
-5142
4389
-1265
-9495
-1562
-1103
-8078
5807
7366
8391
-4298
6485
-1761
6616
-6771
898
7089
3614
7119
-2865
3175
-4007
8165
-9333
8137
-1558
5043
5495
-1360
8309
-7146
-7708
1244
-3438
8075
7390
-5683
-3563
-6085
-1450
-6339
-3801
-3707
281
1947
-2580
-3088
-3372
6923
-3104
6778
-3120
-602
8883
-5048
4395
-5772
-1600
9950
-1026
6554
-1005
-3604
-6233
4795
2957
-5754
4288
-2360
-8352
-178
4710
-3923
7469
1812
1541
-5183
300
2154
-59
-5551
5249
-1034
7086
-3413
-1651
-3137
-6394
6473
1269
5640
-1262
7023
-2213
8179
-6787
-9961
-5705
-6677
-1253
-6371
2394
6225
5541
3129
4348
5243
-6152
-4071
-981
3844
-6000
-1783
3009
-4436
-6391
-8491
-5430
-6840
9338
-6945
7947
8345
-3731
273
7618
2459
-667
-6195
3822
8835
4036
1947
-1756
-7289
-4566
2094
-257
7775
-6434
3095
-1548
2187
3453
-6736
3729
-1050
3836
-5964
3388
-6035
-7362
-5898
-2763
-1803
5243
2985
-1809
-6010
-3487
8835
7235
2579
-3097
-5040
-1411
395
8565
-1360
4051
3505
-2488
-2139
-2526
5682
6648
2940
-977
2202
-7820
3211
-8424
-9331
5063
3973
3326
8603
-7455
6421
-7901
-1012
6420
7200
7752
-3628
9595
2121
6445
244
6205
-1773
1313
359
-6159
9642
-1428
8911
-4087
-7427
-8195
3603
3340
-231
-3146
7331
-3213
8848
-4436
6037
-6406
-7768
-5932
-7997
-7494
-5927
2191
4526
-9374
4016
3736
-557
2705
-944
-4046
3214
-3009
-7377
6897
4227
-3003
-4951
2776
8271
1447
6833
694
-6809
5737
8626
6604
-6769
-1015
963
-7780
8694
-8831
681
-8816
5338
-7186
5139
-3855
-1044
-6967
-3801
8592
7435
-2247
5460
2914
1906
-2346
-5772
3849
-3864
-5941
2949
1198
4095
4557
8835
-5534
-9692
-7409
-7901
-6259
-5948
-1167
-1586
-8956
-2943
4953
-6700
-9008
-1332
7764
-9068
6648
-8481
-4007
9130
-898
-1026
6418
8099
-3461
3007
4824
-9711
-8714
3957
5269
-6608
3519
3808
-2195
-5750
9643
8903
7073
8575
-1429
-1169
1049
-5154
4699
4043
520
5167
-1704
4084
8918
-724
4120
-8664
3898
3865
7742
7806
3950
-6323
-6736
3453
-7644
-9330
-5241
-6085
7226
6304
-3911
8458
2578
-154
-6603
4000
-6947
5904
-7781
-5860
-6333
-2994
5544
8412
150
8349
-5168
6897
2459
190
-6556
-1855
-5598
-1682
766
-2410
8073
3056
-3028
-6263
-933
-7781
-2763
1302
-1591
8811
8370
8697
3497
-2747
-2087
-6822
2541
3098
8298
4705
8883
435
2722
3152
-8018
3286
-7267
-994
-3761
6119
4107
8520
7660
3824
8614
-1600
3618
-901
-5549
2154
8036
8424
8395
-7173
-1561
4169
8592
9188
-8167
-1476
6740
-836
4762
-1483
-6715
3884
-2248
6097
4667
7226
8973
9350
9647
-854
-140
-7314
-1003
-7113
-5595
-1852
-5786
1196
5768
-1242
-1821
9922
5824
7314
6744
8901
-7935
-6472
-910
1829
-3555
9915
6885
4172
8408
4485
6780
8758
2239
-3561
-3801
8557
-2524
-5879
8933
-4007
-919
-4071
-1591
-6406
-9377
-5712
-167
8918
8774
-101
-1319
-2681
7366
-7029
9015
2940
6296
3729
9145
-6263
-228
-9619
8253
6898
-2062
7070
-6465
6898
-7082
2808
-2860
-9931
3060
4160
1206
-1435
1313
5603
-9067
-2946
-8585
3180
4182
647
-883
6299
6693
601
-3028
-1343
5440
4140
9061
-49
-7438
-4101
-2763
9175
8460
5515
-3240
9104
1595
6737
-5893
3654
-5320
6737
3382
-6091
-3722
5021
7
3726
-5778
-2961
-5920
990
-1652
-8460
1201
-9629
-2534
-1109
6923
7769
2866
-1690
-5174
321
7019
-8441
-843
-210
8811
-7338
4428
3373
-8523
-903
3496
1942
1595
-773
-8484
3521
-3146
2002
9002
1431
-146
8782
-8651
7415
999
886
2766
8290
326
7085
7513
2425
2538
-6064
5371
-2729
-7746
9223
-2108
-6078
-5759
3884
840
605
2365
4049
9940
3257
-909
-3639
-7520
-870
-5836
1887
-1280
8977
6648
8231
8298
2121
1328
-5879
-9593
-8956
5727
2914
7391
8560
-769
3265
-7366
4040
4140
3729
3972
-3009
3930
9592
9032
5745
2940
-1612
-1363
6884
1256
-1447
-918
3808
-156
-84
3942
5202
-6587
-5860
-5840
-5933
3793
-1323
-1390
2771
6418
-2922
7493
6097
3799
5957
5670
1991
900
4177
4950
-6493
-6587
7721
2545
5501
-7279
8514
-907
-4577
-3747
-7299
-1712
-3801
7314
-3656
1028
-9818
-7593
8137
3218
6070
3529
9042
5213
-1267
-1892
3160
-1340
8730
3767
-9986
1637
-2937
-9761
6200
-2500
-7231
-2060
-324
-1803
-3794
7650
2722
9129
6296
-9410
-8544
7099
-3366
3259
-2304
1172
-104
6074
5327
647
3968
-8320
9167
8099
4749
6928
-637
-3487
-6381
-7773
-6166
9321
-4434
3893
-8481
-8999
4199
4346
7235
-5031
-9108
-4860
3145
-8956
9168
-6036
2878
6217
-6168
7842
-8314
4458
9739
4276
-5006
9274
3884
7655
-790
-2424
7802
7775
-644
-2461
-6375
-901
4044
4391
1221
8535
1749
6420
7012
8395
8261
9210
7725
-3192
-5475
-6079
-3201
7655
-8438
3943
-8738
1481
-4007
-7768
6291
1201
-2536
4346
-5959
9587
-722
-2488
-4046
-7596
-1282
-8642
-1796
4364
9160
8460
275
98
-9428
-1074
8527
5643
3865
-2576
-6445
-923
-5683
1049
6187
2235
-6173
-6363
-7725
3345
3190
5289
-6081
4761
-8006
4234
-1750
-8017
-5836
-920
-9352
-5804
8345
-8153
-8459
9380
2187
2448
-8773
4212
3693
4750
-6367
-2801
6552
-5274
-7672
-2765
849
-6433
2683
-329
-5661
-6141
2191
2394
-9266
2851
-8517
8592
8978
-4800
-2786
6518
-7358
9234
-1529
4414
9041
-1588
-911
-370
7733
2111
-9129
7561
2002
-5470
-5749
-6109
-5617
-996
-3758
-2180
4264
6880
-7271
-8104
-6162
9208
-5908
5260
1750
8387
4389
4932
-2661
-2135
-983
-6171
6175
-5214
7216
2396
9032
-4269
-7297
-5451
-5938
-6426
3452
-8517
4292
-8312
-5674
-1669
7226
-8104
3214
-5592
5620
-640
7284
560
-3832
2951
-6162
-9298
-5657
8213
4462
9395
2475
-7710
-722
-6210
-5705
9131
9662
-2402
-5995
4131
-5952
-6393
4035
3768
6409
5894
-792
3257
-1582
-7546
1481
2178
8765
8766
3277
-5938
3098
-7781
-9629
-1783
4406
5388
2137
1011
-2922
3611
8550
9346
9586
1523
-2360
4465
5833
-557
6605
3098
2911
-7292
488
1486
-3213
-6533
-3954
4325
8006
7033
-4964
-3545
-912
-814
-5250
3278
7117
-1132
6923
-91
-5873
-7358
-5477
2094
2191
-7566
3350
-5214
784
-1026
7561
-6533
-3794
1856
-752
5236
7934
-826
-2004
8821
-7338
-6696
-2534
-685
8741
2581
2921
2972
-6242
3734
-7271
7558
105
9287
-5730
7943
2232
-2163
-5873
-7533
-5525
9313
9023
9530
3547
-8481
-8946
4834
-774
-833
9437
4432
-38
-4316
1829
-714
3098
7354
6934
7721
5060
2874
7019
-6588
-5607
3729
-5445
-5364
-9221
2601
2971
-1552
4392
9224
-1629
5804
-9432
-7596
4564
-98
2187
-5430
-2165
-6956
2317
4547
-7329
-3672
5870
5727
8380
4240
-3656
-7593
4172
-4751
-5591
7345
-5401
5526
9320
7528
-6173
8318
-7906
-995
-7550
2713
6200
9167
3693
4219
-1373
-5416
-5728
-5266
-1096
6445
2887
-5972
-7637
9545
9552
7741
-8819
4563
4519
3401
8309
7655
-6286
3598
9495
-3152
4508
-5621
7949
-5501
-6611
-7896
-1026
1793
-2071
4453
7099
4386
-1561
-2536
8729
-1100
-2049
9497
6100
5727
6475
2410
-6174
-2801
5794
-6629
-2951
9095
9436
-6162
-4985
802
4781
1724
3103
-9374
-7421
-8517
9907
4262
-5383
3656
-1260
1327
9260
1141
1584
-1026
8837
-6721
1638
-2380
-4559
-6750
4375
-2331
8324
2722
-9021
-737
7316
8527
-976
-5836
7193
1637
-9304
-1239
3990
8852
3257
2002
-2661
-7940
-7835
7990
1215
-8089
4296
-5501
4738
4519
4560
-5558
-4819
-4417
1224
-2715
9163
-2272
4846
1837
-1934
-6393
-646
3125
-8978
6445
-4549
-711
-7637
4716
9600
-1118
9221
8037
-5494
-6533
353
-2057
8897
121
-1537
-2905
-2780
3521
-627
3499
4479
2052
-9184
-5374
27
9811
-7978
-6691
9625
-3618
1537
-654
4120
6347
4149
8683
8116
8936
-5786
818
-907
7384
9188
-7442
1234
8781
-1362
-459
9175
9393
81
-418
-554
-4999
-2131
4264
7869
-5569
2232
-278
2859
9657
-8594
-1017
-1231
-1297
3595
3037
-2008
-6034
-9768
-8038
8982
-2075
8193
6676
1128
2469
-642
7024
9087
-8728
-5715
-3213
4599
2974
-3630
6940
4131
-418
-5361
-488
-1275
51
7775
8781
-247
2683
4414
7370
9881
-6363
8830
-6923
-7600
9339
2475
-8872
-5858
7199
-6195
3350
-6460
52
4211
2754
-2247
3942
4430
-364
7806
-6189
4293
7086
1879
-2785
-664
-4059
-8634
2875
-5860
-5605
8824
-4424
-2536
9692
4576
-7351
-5786
4359
-9591
9645
9010
7281
-5836
5086
2554
2802
792
4575
-1104
-8215
-6472
-5067
7070
-309
-960
-679
9227
-5518
9522
2949
-1274
3037
4724
3175
-5620
-6034
-434
4330
-6331
-9095
-1712
-3370
6533
-5326
8216
-627
-9779
6550
1601
4414
4672
6592
-1091
8443
-5271
-512
5172
4021
4311
-5344
4364
8683
4291
-5671
4578
3634
-6707
4280
531
-1505
-397
8703
-5617
-390
4399
7125
4621
6193
4004
1934
7487
617
-5606
8421
4646
6197
-1712
-1416
8830
-2031
2343
-8544
-6950
840
4012
-7421
4711
-7004
7911
-7274
3752
-6682
6225
-5229
-3555
8766
9563
-3263
5804
-5445
-876
1691
3452
-9129
3943
-5451
-8885
-373
-6840
3711
4510
-6101
-5276
-5103
4961
-8483
-2380
4199
-9116
-948
4234
4749
-3357
-4921
-280
-5399
-3072
-2766
-5486
8768
-9006
2306
-4055
-8096
-6078
1209
6899
3098
-5261
7023
-1541
-8467
-5365
-4051
-812
-772
7487
-7136
-381
-2449
-2048
9152
6347
5424
2511
2626
2058
-2154
-2031
-3151
-5361
-7010
2819
3330
-8609
6744
1196
2020
-6622
-206
8110
3431
7997
8971
2665
8494
-5207
7919
-5214
-5924
5693
-9378
-1712
1988
4713
-7950
9862
4288
-5121
8231
-5549
8024
-9643
9965
8592
-1188
560
-3608
-7890
-6044
-1004
-7347
-4241
-2801
-4912
-4268
-6009
2725
-1752
3884
4526
-1813
8668
1303
-1911
-278
6947
-964
9668
-8089
9811
2088
7127
-7306
-5998
-2593
-814
-8797
-1988
-2125
-488
8970
3961
9210
4330
-7780
-9992
-2075
2972
-3120
-9049
4838
-597
9062
-5388
-5903
8871
8460
-9476
6143
-3450
-5925
-340
-4237
2743
4789
-266
-4553
-4288
6100
1670
-1007
-1712
-154
-5924
-3226
9824
9293
8901
98
-5908
3583
-2625
-295
6345
9846
-759
8006
-6821
-2057
-7192
-8355
-148
-6736
-3618
4468
-3773
3213
5796
-5606
7039
-4224
-5471
2014
8052
-1363
-8049
5954
7741
-2486
-7351
-8032
-6186
-2135
-4553
-9305
-7940
9657
7314
-3487
7647
-5657
9600
-5304
3729
3211
-7268
-2576
7857
-1712
9104
9650
-9787
7911
-1262
4828
6891
3081
-2084
-5271
-8185
-3399
9642
-5478
-8037
-8038
9799
-2593
9104
9440
-9058
-7049
6037
-1682
1669
-1176
-5210
620
-140
4311
-180
8354
4414
7468
-1246
-9787
4227
4750
1845
-5495
4557
9898
4807
-6917
-2135
-4398
7493
-5478
4857
3990
9037
3496
-9593
9871
8282
-101
7400
-5154
-8560
-6690
1864
3893
-8380
3020
2972
-5111
-7024
9388
-996
-1067
4414
-96
9975
-5103
7770
-3394
4774
8692
1666
4909
9039
1863
-5155
-5304
3728
-7049
-9095
-5093
7391
-557
-4417
-1234
-6286
-5699
8706
-1100
8015
8000
-8049
10000
2601
3497
9350
-1793
7997
-8955
1666
2094
-8364
6279
-2067
4616
-1704
-5247
-5638
1985
671
8279
-7184
-1792
-9973
9291
-4618
4536
4290
-5598
-6968
9923
-1104
1533
-4978
-82
-9961
-72
9625
9932
9600
2929
2239
-7308
2601
90
-5174
2911
8584
5848
1955
-8227
-5061
9416
4858
9877
3081
9587
-4045
9913
-5585
-9433
-5267
3870
5608
-6472
9719
-1963
2458
305
4613
8527
4141
1485
-9023
-706
7618
8666
-423
6884
-650
-82
-6587
-6917
9746
4667
-6073
-5085
3087
4292
4834
-1956
4889
-640
9103
1788
-6950
-2464
9254
1502
-3826
9340
4712
6379
-275
6309
9877
-737
4860
4004
2957
9881
1132
4713
-683
7136
-3811
454
9063
8052
-459
-506
1104
9632
4752
7655
2917
6043
-7442
-891
-5026
-6682
9668
4348
1436
-43
-835
-6820
4529
-6917
-9545
8035
6940
-557
7916
6391
-5061
8176
9586
-8444
-7351
9717
-440
4917
-5304
-5264
-1537
7019
1662
-2131
1703
3568
1135
9668
-1243
-5458
4983
8442
9131
-5451
5700
9977
3632
-19
-9692
-16
703
7919
-6598
-1866
9967
-24
-8455
5990
-1065
-5374
-6085
5990
-276
-9102
-5364
-411
-5064
7514
-4457
-6297
8352
4526
-6758
-5142
-1604
-5467
9948
9675
5411
-5430
-9263
-266
-6968
