-4968
75
-5271
5053
4858
-9778
-901
-6758
-3833
5411
2878
-5585
-6587
-6081
6737
5082
4889
5216
200
9205
-6736
-4804
4521
-6727
-9653
155
5848
5148
-4782
-823
-8343
5021
3628
-1897
5227
-24
6725
-868
9877
5140
-9468
-9810
-7067
-2937
2972
-8580
-9879
-4288
5271
9708
201
-9879
-5914
-5409
5105
3595
-4761
-4651
7
587
560
-9736
-266
-342
1481
-4805
5211
-6852
-4370
4000
-5920
-5638
-9995
-9589
-9757
-5620
-5177
8795
-4421
-4999
-4962
346
-9810
-4773
5376
-4853
4605
7273
-4940
8702
3153
-9476
-1387
5143
5508
-2125
-1606
-9569
9642
583
6885
-7868
-9797
3380
9438
-6917
5586
5211
2921
472
-24
-9389
4999
-9299
-7329
5123
-9682
-9692
-2253
-4963
-9685
-9931
-6715
-2763
-9593
-8960
9163
5378
-5836
-6366
1390
-6290
7235
-136
-7901
-4598
-3323
5561
512
-1254
454
3551
3152
-4205
-7338
-4634
-9730
-65
-9216
-8438
4988
-5990
-9460
9273
-9750
70
-1314
-9452
-1453
-909
-9760
-4759
-8819
5165
-5671
-8969
6200
612
4768
8498
6009
5351
482
5648
-8517
4264
802
-9147
-2075
5826
-6173
-116
-7576
-7052
8882
-9093
-4179
-3624
9559
134
4021
-1495
-5516
-7122
6409
-5142
-4325
3990
9943
9907
-1548
5948
-4325
-7010
-9345
7338
-9213
-2786
840
-2576
56
8803
709
-5016
-1752
-1852
2478
5594
292
-9058
620
-5248
4916
5897
-9221
-1026
908
-96
2354
8856
-5478
-4434
7739
-976
3382
-48
-8517
1881
-2801
6552
-4102
-9068
-8314
-9120
-9102
-9167
-9323
-4008
-9713
4851
5037
768
5043
-4097
-6393
5001
-4598
-4327
4386
5954
3968
-3028
-4796
955
4145
535
-24
4916
-391
-4370
-7062
-9614
-3374
-5815
-8511
7693
-9692
745
580
-5081
5860
-7397
9600
-9571
4280
5606
700
9958
-7881
5387
6047
5637
-506
1073
-4261
-8619
-6162
-4459
-9545
-3656
6449
3529
3382
2722
620
-8993
-4985
-9577
-4409
-5616
5179
-6746
-7177
-4398
-9900
5649
-2716
5321
822
6192
-9548
3590
-4791
408
9366
-2536
6884
-7314
313
1115
-1169
6309
-1648
9777
7721
6027
-8844
4593
4983
-9730
-4402
-7781
3855
-4221
-3773
906
-3630
-2558
-9962
-9857
-306
5225
3529
1209
-4417
-7672
-9397
4834
370
-3996
1028
-9264
454
-3464
-706
3711
-9902
-4406
-4069
-4055
4258
5127
-8940
-3883
-8825
-8871
-1626
2232
8766
-5495
-4013
-3907
863
-8064
-9031
-9545
-9184
6070
8669
375
-8729
2002
74
-270
5647
-266
-4751
-1824
-276
-9263
-9778
-4121
1327
-3669
-1585
159
-755
-1841
3851
-581
-6824
6241
8309
-4248
-4598
-4424
-9602
4835
1587
-3827
5036
56
-9386
-9236
-1640
-9503
-8848
-4735
955
-8481
5822
5527
6911
521
3942
-9038
8524
8645
-2075
-4441
7270
6445
-9883
-3009
-4590
-9049
5895
-15
-4378
-5075
5909
-6050
1177
-9167
8395
-4245
608
5885
-9764
-4055
1327
-4791
5143
208
9460
141
5285
-2972
-5256
886
7468
7226
4004
-1562
-6162
-232
-9018
-4113
5021
3358
-5364
-7173
1289
1111
-4016
-8931
-1816
-557
-4003
4996
-2488
6880
1361
-9708
-5152
9586
8496
-459
-9902
56
1152
126
-3885
9
-8902
4341
1142
-9709
874
-3994
-4484
6081
4234
4712
6379
6474
-8885
-6624
-4357
-8922
-9049
6347
5874
-9098
784
41
-442
-2686
-3686
1139
113
-8795
1837
6934
-5194
-302
-8453
-9275
-3498
-5045
-973
6536
673
-8608
8568
-7358
-8653
4791
717
-6009
-8654
-9424
1314
-224
9115
-3980
-3618
-5719
-8453
6195
6083
-9555
354
5468
-9839
1604
-7102
291
-3774
8326
-9990
-4005
5012
-8723
6409
321
511
4988
5794
5161
-3933
3943
-860
-8602
5071
5285
-5924
8766
-3845
3847
6918
5954
-5439
-1026
-3589
5460
-3868
6508
-8744
6140
-6034
9350
121
-4745
1532
-2205
2914
-5558
-9625
-9036
-3334
201
6707
-4233
9315
-2937
-9960
-8500
620
-4689
6225
8428
-1132
9871
-6878
-4047
-4365
-9058
-1582
-9207
-5489
-669
1397
-556
-6051
-8552
1388
-4589
-7279
-3169
-4899
9679
-8366
957
9575
6636
-9292
5586
-3213
-9220
-4205
1091
-4856
3448
1209
-9023
-3783
5645
1548
6880
6143
-4251
-3958
4057
9998
4529
8412
-8967
-3293
-8568
-3991
7099
1440
5723
-7289
-9454
6529
9247
2164
597
-9042
5792
1115
-7939
3227
-8759
75
-3844
-102
5841
-1805
1196
-8239
5731
6611
5858
-4140
-9808
-8790
-8455
2983
-9629
3152
5586
2699
3009
-8104
-9115
1065
9917
-310
-8599
-10000
8233
8324
-582
-266
-4586
-8355
-5884
9684
-8927
374
5143
-8254
-3002
8274
-5183
6037
4327
6617
8873
-9263
-4129
-5001
6143
-8191
-3864
6652
6570
9668
-5695
5623
-5264
5398
-8462
-3402
3550
-3167
-6083
-9476
105
-4366
1119
4476
1638
-9207
6058
1254
-8244
1626
-5016
4511
-1852
348
-992
8683
5317
2408
-1561
5063
-3139
-3129
1219
1388
1190
9340
5549
-3322
1309
3611
-4766
-8096
-9971
6319
5885
6274
1820
1829
7896
9353
-4398
8395
5510
-6081
-5591
-8871
745
-8481
-3516
-8243
599
4860
4829
-725
-4580
994
-7684
-3279
-3213
-8664
9932
-8759
-4651
7282
98
5546
-1682
8830
1175
-1170
5111
5447
-4013
-8608
8527
5447
6969
-3391
6820
-3048
-8429
-3450
-437
-9028
-5234
-5217
4944
321
-814
-1767
6974
3452
1728
930
-4316
-3867
-300
1625
-4523
-2409
3953
-9023
-8687
-6750
1334
1924
7159
-8215
-8005
1961
-4462
9151
-3773
-5188
-4596
1007
-4836
9816
2484
6198
-9402
-8249
5897
5421
2957
4219
-9102
3434
-1537
-3634
9640
-3862
-9808
7391
-3901
5227
2425
1572
6770
2045
-616
4743
5773
391
3046
995
-8467
-3319
6484
6043
1880
-3009
-8715
9973
8254
-7768
3920
-3120
1626
5653
-9239
6080
-8631
724
1173
5741
5289
-4813
4917
-2064
1819
858
8265
6676
-8094
-7527
4750
4116
6065
6014
8833
6254
5427
6891
6838
-9680
381
-5114
6615
-9719
-5182
6956
-3864
710
1158
4834
-1025
-7911
7354
836
-2792
-3238
3973
884
-2801
-4218
8614
-1866
-2926
4350
3519
-3919
-4137
714
508
-9618
-5496
-7593
1985
-8004
-9857
6345
-8438
6043
2064
953
-9146
-1380
8137
2122
5728
1720
-3926
6902
5643
1521
-2786
7042
5812
-8382
-3322
-7887
-9432
5710
-1852
5669
-8172
-8467
-3572
-928
-3457
-2516
-6597
6047
-2934
-2915
7019
-1646
858
2086
4266
-9865
-9405
3257
-5040
7490
-9275
-7981
-3840
7806
5485
-4119
-5247
4529
-8155
-8550
1104
-3649
4761
6612
2984
4895
2576
1207
1768
8137
-2909
-9081
1684
-4847
-5683
-3357
8270
6525
-1443
-8347
6103
-9437
-4437
-8199
-5738
4359
1915
7127
-8518
4201
6187
1407
1417
1650
1196
-6948
7858
-3167
1788
-3320
-5122
1802
1065
1723
-4601
2914
2212
-8839
-5441
7167
-8171
7219
2048
9877
5012
-2862
7154
-1582
-3267
-7765
-8441
-4010
-3357
-8723
-4877
-6809
6029
-8314
8506
-2845
9798
3842
-8338
5489
-3261
4414
-7672
7031
-3647
5723
-7861
4160
-5040
-8215
-1690
-8885
-9911
7917
1408
-7906
1238
-4219
-4586
-3143
-7108
547
5981
1327
1700
-3264
234
-9866
-6445
6147
3095
-1490
8901
-1172
1269
5148
-6347
4508
-9263
-7296
30
601
-3889
-7901
6319
-4846
-292
6431
2249
8582
3639
-3450
-8833
-6417
1947
1978
-4751
1740
-2371
108
-3290
7099
6885
-3792
5260
6613
70
-3487
-8438
1496
6724
1720
8863
-1712
1666
712
-10000
6640
1115
6278
9649
1947
3492
880
3729
-3601
5680
-6520
7179
-8664
1518
-8934
6566
-5348
1329
8592
6552
-8037
4505
6994
8505
-5061
3599
7493
2024
9049
2187
-4640
5672
-4366
7637
-9076
2511
-8176
3180
-3954
2290
-7357
6001
-8831
1631
4996
2062
6685
1519
6940
7480
8623
2448
-4916
-7002
5083
-8368
-9532
-3995
5895
-9779
-2701
5076
2222
-8256
1140
-3802
1535
-7841
-3119
-8738
6922
7151
1595
6367
6572
9800
4846
2188
4264
-4166
-7690
6744
-2708
-7780
-6682
-5507
-3735
2239
6885
-654
-8717
-3513
-6419
9709
-4329
-4392
1246
9551
-8184
-8092
-4528
-8536
-3450
6379
2170
-8128
9825
7023
3608
-4769
-8375
-5482
3870
-3399
7366
6869
9832
7918
7113
883
-7724
-3822
5705
-6180
1728
4848
-3744
-7628
9308
6016
-4827
-4159
7001
-2781
-8052
-9917
-2632
6341
5143
-6085
-7816
7721
-7636
3348
4739
6693
9531
299
-679
-5932
-5189
-5535
-1750
244
-5479
9488
4996
2011
-4424
2414
1458
13
1718
1918
895
-3241
-5209
-2763
6043
-8265
560
7655
1213
-1307
7911
2326
1703
-6506
6148
-9578
377
129
1714
-7767
-7865
-8118
720
-8236
395
1402
-8142
-3209
3870
-2586
7092
-3834
-2744
-3481
7306
6900
-8096
-9569
1626
-8859
7081
-1109
7655
-219
-104
-8145
-6344
2168
-9761
4331
3214
-7969
-3391
2719
4049
-4424
3037
-1517
1502
-8536
-728
7499
6618
-8143
-3456
-7580
8983
-8462
2750
209
5263
-7500
-9643
-9458
-3120
-1614
-8079
1334
-9085
-7478
-2543
7070
348
7314
7564
6291
-4965
-2015
-1001
-8517
-3469
-8905
849
4791
-7739
6004
7377
-7596
-8819
2422
-1015
7396
6897
-4390
-4831
-7531
-2534
2081
4956
2154
919
-3214
-958
1470
-2888
7365
-4595
2475
1027
-2705
6065
2331
-5221
5648
3710
7551
6499
1638
-2208
-3054
-8383
-2763
214
-7859
4135
-7558
-7708
-3120
-8158
7585
-7356
8280
-3746
-3120
-8254
8061
-3230
-4226
7316
2036
-1994
-8664
7074
-6293
6217
7775
1878
6685
-3236
7073
6795
9881
4989
-6034
-8409
-8185
853
-7432
771
-8812
-7863
7023
2021
2683
5163
-8973
8830
-8280
822
-8455
-8848
-737
7113
-8575
4876
2579
7802
-5988
9281
2439
1988
6477
-3030
9933
7519
-7358
-3967
-6391
3572
-9434
6407
-3028
-4261
-3372
-7624
-1088
1244
-5047
-8536
3497
-4300
1759
-2434
-9761
-2488
-1075
7648
9264
-7839
-4962
-4337
-3200
7439
1418
-2964
-3401
3327
-8388
-4001
1361
-7637
-8196
6109
-3372
7394
6885
-7206
-3345
-8911
1625
9440
6891
-8693
2282
-8322
-1018
-8145
-4978
7375
-2536
51
7733
-5264
1321
-7486
-195
5527
7513
6027
-2870
7073
8349
4931
-7596
-6041
2548
-2524
8592
7055
6745
-5993
-3779
-8471
-9423
-9746
5219
-2547
7386
1662
-7358
-3009
7518
823
-2848
224
588
7984
-2871
-7534
-6034
-8336
-4022
6872
1206
-4137
-5405
-3161
7691
7081
-3236
6889
-5647
7314
-9496
-9962
-4588
-9028
-6872
-8195
-3733
292
-7618
1434
-5234
8792
4430
9649
-4434
-4503
7741
1703
-344
4890
7136
-8037
-8038
7187
299
9938
5525
6140
-3967
8624
7070
-3008
-3222
-2500
7504
3673
-7758
-7315
-3411
1788
-9208
-7461
-7910
-411
-3952
-7006
-3353
7725
-7478
8952
7515
2630
-9226
-2523
-7976
5498
-5194
5872
-7619
-3185
2439
-7299
6681
1164
4848
2582
6988
9291
-7698
-8881
9932
-952
2731
5594
-9263
-5374
-8143
-7390
3879
-9234
7127
-9495
5387
5610
6200
5291
5338
-4216
-976
2654
2121
-5470
-2293
6984
-3952
4501
3305
-7390
7426
5046
-8767
6733
-2827
-3956
7157
-9518
6387
2718
-7633
-8429
6017
5857
-3726
6838
7655
-4742
9932
-4194
7371
5164
8219
5587
-4957
9951
2292
-9516
4761
3312
7721
-3787
-2179
-2391
-435
7219
-7252
-68
-7340
6260
-4657
-6070
-4723
-3795
-8654
1500
7565
5219
4554
-3928
-7345
1825
-3699
9759
9188
-9992
-3115
-642
5080
9112
-654
6841
2869
2306
6454
-3109
9096
7811
-5436
7235
2713
2475
-8617
-2360
-8725
6853
-8382
-1144
8099
7226
7848
760
5270
-7844
-8195
1517
-7780
-7442
-2391
-2909
-3167
-3747
-9731
-8381
9340
-8266
583
-2747
6854
3755
-8382
-6622
-8414
-9377
-2746
-7781
615
6904
-4872
9329
-7256
-9218
-3687
-5620
1829
-9303
-8220
-9936
-2107
160
-7334
-7186
-6891
5068
9709
-8282
-8305
234
-390
3257
1209
-1561
7378
-9819
-231
2827
-7428
2187
2610
5088
7775
-8080
7808
9525
-5633
-7812
-12
-7329
2911
-7854
-9257
-2114
8626
8086
3729
-2425
9727
-8880
-1591
3497
2704
-3277
-2809
1402
1091
1407
7997
2365
-5159
836
2830
-6058
-3150
-7323
-8644
2745
-7112
7651
4558
698
-6465
-394
5867
-4666
4408
2554
6664
-5671
8298
-5026
-3977
6166
2364
-8382
2447
7096
2226
6262
7113
-9386
-2941
-2539
2722
2874
-7285
-8385
5898
3819
3350
7444
8520
9908
7806
8911
6995
-9577
9369
6408
-2612
7881
2887
7909
-7724
-104
-1660
-2434
1372
6254
-9992
1246
-5178
2295
7096
-4294
6451
8741
3822
1631
6616
6327
-2006
2683
8771
-3353
-3115
4829
-4308
3602
8883
-6101
-2291
6737
2771
7314
-3120
-2016
-9088
6744
-2385
-1982
-9827
3186
-2184
3346
-7233
2394
8006
2959
-2593
-2039
1312
9340
4428
-6472
2976
4476
-2654
7963
-9475
-7593
933
300
-5016
-9849
-7637
4738
7109
-722
5424
-7762
-1074
5237
6849
2644
-7726
4367
1503
8918
2001
-5451
4837
1684
-1684
-1047
8006
8026
3120
-4573
-9625
6526
-3745
1816
-9184
-3332
-2348
-2187
8592
8261
2771
7869
5108
7824
-2402
7489
-2057
3389
-3345
-4474
2239
5285
187
5318
-2183
3440
7081
-7004
-2075
-4622
299
9320
-2061
7926
9388
7742
-8834
9376
7561
-6587
-99
6273
225
4583
-7084
7343
-2727
-9429
-5264
-2402
5929
5510
340
507
3081
4582
8648
-1026
4748
7667
-8375
0
-3007
-2813
2610
6644
6014
2953
2561
-2272
7859
7565
2375
2895
-9694
-4921
2135
6418
4501
-2439
6819
-4308
8089
3246
-7354
-2135
8078
-4046
-7010
-7428
-4612
7613
6508
582
-6994
-4135
-250
9601
6079
-9878
6905
4352
-3097
-3773
-231
-7370
-3991
4186
-4963
4563
2181
-1195
7570
-720
1050
2853
2304
-3954
6225
-3150
-3167
-465
-5781
-5495
-2131
-6743
-3033
2752
3098
-4390
2097
3365
-3054
-5567
-4547
7767
6291
-6533
-7787
1902
-7316
-9546
-2079
8024
4323
-1340
-7726
-3510
-2592
6225
7709
-2441
-3101
-2482
-1783
-1440
7216
8767
-2057
-16
6294
-371
3345
-2020
-7004
1730
-2567
2786
4199
7492
602
-7797
3923
2828
-7402
1503
8087
-6266
2865
-2960
-6950
1816
1700
7892
-813
-4439
2295
-2425
5440
-2031
7493
6434
-3621
2535
7669
6273
2879
7459
-266
-3062
371
-7433
7979
-4158
-3487
2459
8182
-3679
8073
-8161
-8843
9650
-1818
2894
-9967
2997
-1955
-7513
4616
-5570
-2257
7911
-2488
-8104
-3262
407
731
-6168
-2247
4318
4512
-6877
-205
7609
-1729
6849
-4007
3729
535
-7451
-7513
7201
-7830
-3290
-9080
9385
-1945
8073
7211
-2644
3103
-3293
7031
1451
2651
-394
-7136
7848
-4459
-6922
9346
-2970
-7958
-7710
9535
3109
-3043
-8316
6225
-7094
-3918
-9199
-6769
6647
-2963
2991
-903
2275
-5772
1108
8918
-7351
-6968
1890
-6143
2048
-6830
9698
2458
-1588
-9103
-6085
7647
-2564
5527
-6917
1604
7664
-4962
-9800
-9578
-6256
-4299
404
7436
7680
-7426
-2125
-3066
183
-8750
7215
-5152
2869
886
-9902
-998
3037
99
117
2250
2976
1684
6319
3000
6145
-9833
-8662
2911
670
3533
-6855
-5655
-4470
9644
1777
-1806
-7473
-2377
2743
405
-7226
-8117
8730
-3996
6287
2667
7911
-9093
-1866
8107
1737
-5932
-6892
-1529
7551
-2057
-8766
-8103
-8126
-5059
-5223
-6758
-2139
3884
-5772
-104
4212
791
1595
974
2221
3200
-5840
-2536
8067
-5779
-3673
7741
-4205
2002
-2438
-1866
-49
-1340
5719
-7186
5297
7916
1079
-2466
2601
4544
-1792
6693
7919
-3559
7469
773
-3834
4658
3164
8292
-83
788
3190
3266
9759
6946
-1758
8279
332
8318
-5227
1093
-3409
930
2972
-3494
2592
3240
-8981
8811
-2220
2787
-2314
1199
9480
2487
1947
7469
7607
4555
-2175
-2777
-1801
-8826
8878
-8646
9471
-8429
-8441
5737
4121
4330
2111
-5108
-6433
6576
7919
-8646
6273
2819
-2101
-5683
4804
-8007
-2048
-6533
-1845
2957
3978
6652
-6242
-7142
9196
-9857
-3810
-9224
-2632
1915
-5250
5645
8000
-2131
6664
6037
-6650
9903
67
4858
4711
-2248
-7275
-8191
1313
-7175
-1991
-6950
6685
-8266
-8543
6304
-6707
2601
-2049
-9748
6737
-3016
213
-7271
8308
-2453
-6920
6648
2051
-6871
-6744
7850
5637
-2590
-1629
-6426
-9472
6650
-6849
3103
-7157
2406
-3069
7997
-6744
5652
-3353
-6742
5793
7485
-4601
-8758
-4437
-6773
3401
745
4835
2072
8310
4833
-8570
-425
-4487
7711
-9555
7001
7242
3123
-4163
-8093
2757
6636
6359
4710
-7351
8408
-6790
-7186
3023
-5271
2972
-8626
-1690
5111
8096
-7636
1511
-2135
-4789
-5486
-2948
-7306
3175
-5222
-8508
6998
-1911
-6288
8041
-9412
-7116
5931
9933
7225
8026
-1815
5167
-3656
3098
5280
4748
-3801
2459
6923
2535
2002
-9408
-5772
-2593
9706
-1620
8394
-5621
-597
-1871
7442
-4319
9891
-2219
-8876
2501
8227
8345
-6721
9350
718
482
-6631
421
-6766
-8038
-4424
-7612
3294
-2388
2874
5546
3418
7242
-7226
-276
-719
7305
-4491
-7312
7725
878
3175
8192
-7166
-4446
-7020
2776
-9840
-9093
159
-5749
6988
3942
-1061
-8070
-2088
-3740
3115
-3552
-1911
371
3496
-7770
-6962
-629
-9154
-8467
-7333
1076
8261
6232
-8905
3521
-3316
-6750
3215
9232
8527
3056
-1046
3366
3149
2754
-6691
-2916
3239
3407
8410
3893
4583
6656
5724
8535
1277
636
5546
-7063
-6462
1921
7849
-6173
8165
6013
-6819
7655
37
7226
8421
7339
1826
4349
2839
2859
4927
-7832
-1940
160
-2008
-1401
6420
-2050
7840
7735
-5178
-9520
1938
4923
-6533
-7442
-3265
1481
3136
6973
8531
-3511
8555
3212
-1585
-9239
7331
7179
-3466
-6426
5949
-4923
2100
-2052
2832
5423
-3892
3585
2296
4160
8521
8524
-8292
-7526
3081
-3628
820
-3411
-6044
3768
2261
8299
6265
3345
2983
-3234
1272
8159
4361
197
8248
-6869
-7112
6226
5587
-1489
-1562
-6669
2738
4848
4983
-6436
-2131
9234
-4590
704
8535
7963
-6086
-6587
3943
7814
194
4565
2427
8582
3628
-2135
-6808
-8449
-8629
-1979
8741
-8175
3568
-2488
7809
6097
-8631
-6968
-557
7767
2932
3172
8137
-4590
-6821
-1465
6613
7916
-1543
6518
-5006
5652
-3848
4321
3023
7836
-1465
-8611
4711
3095
-3866
8298
-9085
6938
-3776
8857
-5320
-7431
-6445
-9374
1521
7391
-9372
-2922
58
-6333
-6710
3658
-3009
-214
-2801
-7314
8354
-9600
-2351
-6393
-7243
3636
-4920
-5214
-1445
3330
-1586
-7989
-8180
-6904
5902
8229
4175
-1523
-7842
-6287
8421
-4071
7470
188
3496
2258
7770
8071
8302
7721
-9856
4889
3091
-3563
-4996
-6382
-5234
-2865
8535
3523
-8659
9552
-3753
-7222
-4832
4004
-7898
7
583
8405
-1611
1612
-6736
7445
-7724
3433
9350
3729
8535
5727
-6472
7856
-4056
-7308
8876
-8586
-280
-7143
-4436
-1247
9074
-9221
4576
-5571
6969
3505
-2985
-2059
2972
-5187
3459
-6640
8490
-6279
1618
5527
-4454
-7647
-7273
-4343
8623
6472
1917
-8956
-8907
-3248
8239
-2135
7241
-1712
5969
8897
-3476
-9808
-2075
3571
8721
-1299
-4758
4710
-5168
-3924
-8918
-7534
-1757
-6617
5460
320
-2590
8683
-9625
-6363
-3871
-4001
1096
4896
-6210
1434
5219
5863
-8093
8626
-7203
840
-2946
-7040
3292
-1591
-6901
7647
2918
8397
5969
-3237
3152
-1761
-6363
7783
-8490
7383
2234
8352
-1274
2554
8621
-1201
5976
-8980
2458
-6220
6847
2932
9642
-6944
8707
8685
8249
9131
-6174
-2989
7765
6445
5211
3580
3291
-2644
4199
3723
-3901
-7063
-5830
-2314
8026
-1359
9481
-7665
1872
3098
7113
3583
-5540
6928
-1963
6264
-1532
-1817
1665
7927
7643
-8018
3684
4889
-7204
-6773
8830
4336
3828
8179
-5142
-9730
57
3824
-2031
9530
346
2159
-1704
-1376
-6330
-798
8837
-4470
-1450
-6162
1198
7802
2250
6569
-1262
1832
-8201
-5938
8781
-7306
-8440
-5471
3850
6097
4364
-5183
-681
-8346
2206
5243
-1756
-2936
7379
-1100
7352
4542
647
-4421
-6601
-8853
-1360
5912
8623
-9084
2065
-1147
-6173
7157
1049
5256
-8074
-2407
-8612
-7036
-7862
3175
6198
-6194
2985
8835
4428
9574
5195
3214
5053
-6195
-3109
2456
3697
-2922
-3755
7087
-2705
3628
2264
-4161
-1253
8165
2392
-6877
-1409
8883
-5111
3326
-5304
3475
8354
4389
-7664
5719
8274
-6824
3577
-3419
5858
-1548
8518
-1896
-6173
-2994
-4731
7719
-128
-4994
-1561
6855
-6195
-1130
9563
-5361
-4046
2814
-231
-7289
8565
8370
-2883
-1439
-2434
-6085
704
-1998
-5754
-4242
6043
2473
-6897
-1688
-602
4754
-5972
-6472
197
2743
-8481
2755
6905
3836
4395
1239
-9142
-1484
-6682
2094
6969
-9724
8781
-6500
-3994
3496
-6631
3082
-1128
-5705
4999
8683
-1640
3583
3118
-6587
8848
-7451
8635
7733
-4441
8692
-6078
-6700
5841
-8078
2425
-1104
-5551
-1783
-6081
-5898
9338
-7062
6485
6294
-1265
8766
-1562
-5274
8391
9037
7089
-667
7119
-2865
-1103
5807
898
-6771
-4298
3175
3614
8165
3884
-1558
-9333
-3438
-1360
-3563
8309
-7146
5495
7390
8694
-3707
-3088
8075
-2580
7179
4795
-9093
6923
-3104
-6085
-9629
6778
-178
-6339
281
8352
-5048
-6433
-3604
-1104
9950
6554
-8352
7019
5043
6940
1812
8575
-9961
-5430
1541
7469
-7768
-2360
-1332
-3923
-6034
-1600
-9680
-6259
-1005
-6233
-9713
-59
7086
-3413
-3137
6473
5249
-1167
-1034
-996
-1651
-7708
-2213
2394
-6394
1595
-6677
-6787
-4424
-4622
-1262
-9839
-6371
5640
3129
-8491
-257
-6152
-981
3844
-1783
5541
-6000
-5040
3009
-6840
-6945
-6391
-9093
7618
-3731
-2534
273
2459
8345
7947
-8544
9595
-1529
-3372
2187
8527
-6195
-4566
3822
8835
4036
8697
-1537
7775
-6434
1517
-1548
-5320
-6736
3453
-5730
-7362
1684
-1050
-5168
-3097
3388
3950
-5964
-6035
-1803
2579
-1809
2985
-6101
-6010
-1411
8835
-1360
-8424
6648
-2526
-2139
-7820
2202
4051
-5972
5682
3505
-3345
2940
6421
6445
-5750
6884
-3628
-9692
-9331
3211
-977
-7455
-5534
-8409
7200
-5836
3973
7752
-724
8603
6205
-1012
4557
359
6347
-1773
-3146
-7427
-4087
-6174
-6159
-1428
-7768
7331
-9593
-7997
8911
-7494
8692
2191
3340
3603
8520
-6406
2705
8848
-3003
-7377
6616
6225
-5927
1447
6833
2306
6604
4016
3736
-944
2776
5063
3884
6451
-4951
8271
694
-6809
963
-6769
-8816
681
-7186
9643
-2888
-1015
-3855
1906
7435
7366
-2247
5139
-2346
-6967
8592
-1044
2949
1198
6648
3849
-7409
-2943
4699
-5941
-8871
-8956
4953
4095
1407
4824
-9008
8835
7764
-3461
9188
-1586
-8714
-6700
300
-9711
-5948
5269
8811
3007
-5154
-9038
-2195
-5549
9130
-5470
-5241
-898
3519
-6608
-6821
520
-1026
3957
-6044
3808
8903
-1429
-5938
-154
-1169
4043
-9330
7742
-7644
-5595
4084
4120
-3618
3898
2578
-4007
-3911
3865
-2994
8782
-5712
3453
-948
-6323
5904
5544
4705
5243
8458
6081
-6947
-6603
4000
2459
-6333
-5860
-883
-2410
766
4485
8412
-5451
8349
150
-1280
9647
190
-6556
4667
3401
-1855
-1682
-3487
8073
-5621
-6263
1302
3056
2541
-2087
-1591
-933
8370
-9495
4762
8811
435
-8018
-4300
6200
2722
3098
-9093
-7267
244
-6822
8298
6119
7660
-3761
8883
3286
1196
-994
4107
3824
6319
8614
-1600
-3801
-8167
8036
-7173
3618
6740
3793
8424
2121
-140
8395
-901
4169
-2248
-1476
9188
-1483
9922
-5924
4040
3893
-7314
-6715
-7935
-836
5824
5768
-7113
6780
8973
-3555
-854
-228
9915
-1003
-1821
-167
3330
-5786
-1242
-3391
8901
-3561
5167
9586
-918
-910
-49
8408
7226
4172
-2681
8758
-101
8557
6898
395
6898
-5879
-1104
-7029
8933
6296
2940
-919
-6406
-2860
2808
8918
-2062
5603
-1319
8774
9015
-7082
-9619
-9067
8253
-2946
-6465
9145
-6263
-8585
3060
6299
-2747
3990
-1435
3180
-4101
-3991
-7438
-5274
-3240
4182
-210
-1343
-642
5857
4140
5515
-5174
8460
4508
9061
-3722
9175
9104
-1100
-2961
6923
3654
5338
-9692
-996
6676
-5893
4761
990
-8460
4750
1201
-2534
-6091
7019
7769
9592
3726
2866
-5778
-146
1942
-4436
7
-5920
-1652
-9931
-7338
9037
-1690
-4158
-3146
-1109
-8523
-8383
5021
-7781
-3801
-8484
7415
999
4359
1431
-8651
-843
3373
-2729
7085
-7746
3496
2766
-104
2538
-903
326
3521
-773
-2108
-5959
9002
8290
9940
5371
-6064
-7520
9274
-3639
605
1887
-9115
9223
-5364
-156
3884
-6078
-5759
4049
8231
1328
-909
-870
-5836
-7366
8977
-324
-5879
1246
8560
3265
-84
-769
5745
-5214
3729
2940
1256
4140
3972
3930
4458
-4417
5460
5898
9032
-1612
-2922
-1363
-1447
3808
2771
1991
5202
900
9041
5957
4950
-5860
5670
-1323
4749
-1390
-5840
-5804
-5933
2545
3799
-7279
4177
-5250
-5475
-6493
5501
-1588
4288
-1712
-4577
8514
4414
-907
4004
3218
6304
-8927
-1892
3160
-9818
5213
-1267
9042
-2060
-7231
1637
7650
9739
-459
2722
6296
-3794
-1803
-2304
3767
8730
-9986
-5730
1172
6074
-3366
-9410
3259
9129
5804
6928
-8320
-7773
5327
-5995
3968
9167
-8999
-9108
-6381
-5214
7316
-3120
-5952
-637
-5031
-6166
-8239
4035
9321
2878
7842
3145
4346
-2424
-6036
-4860
-5006
-6168
9168
4348
1662
-2461
4276
4227
3884
1221
-790
7012
1749
-6375
-8336
-3192
-644
-901
4330
4044
-3201
8535
4391
7099
-2536
9210
1201
-7911
-5374
-6079
-7299
2713
-8642
4288
-370
-329
-912
-4007
-1796
1470
4346
-722
-2576
-1282
2235
2365
8460
321
4364
-7725
9160
275
-9428
-1074
8527
2448
3865
-6445
-923
-5683
3190
1327
-6363
-8006
5737
-4071
-8017
-826
-1750
-8153
-3840
3768
-2765
-8773
8345
4834
-8459
-9629
-9352
-8347
6648
4234
-920
-5836
2191
2851
5440
9380
3693
4212
-685
-6367
-2524
-833
-9266
7561
-6141
8592
-4800
-3758
-5661
8978
-7271
-9129
-2180
-2661
9234
-5361
9662
4414
-911
1750
6175
-3048
-2135
-6109
98
9131
-9761
-5486
2396
-5749
4738
4932
-996
8387
-5477
-5617
-7297
4264
-6162
-5908
9208
4389
-6171
-8312
-4269
7284
-3832
-3498
-983
-3119
9032
-1669
3214
3452
-5938
2951
2212
5620
-5607
8213
9563
2111
-9298
4292
-5674
-2845
-5592
-3399
-640
-5657
5894
-7546
6345
4462
-5728
2178
9395
-6210
-722
3257
9131
3277
-5705
4131
2137
6956
1011
8765
-792
-2922
1523
6605
-5598
8550
-948
5388
1486
4406
-7292
3098
5833
3611
-9377
9346
4465
-3545
-557
4414
7033
-91
488
601
4526
-7566
3278
7117
2191
4325
-814
3350
-4964
-3794
-3801
-5873
2094
-1132
1856
9440
7934
-7338
-2004
-7271
2581
-6696
2921
-5401
2972
4227
7558
5236
9436
-7533
1244
2232
7943
7366
4375
1104
-2163
-752
8821
2121
-6242
3734
9287
-5873
-8946
-9068
4846
-5525
-8481
3547
9313
-2402
9023
-38
-5598
9530
-774
6934
7354
9437
4432
-714
-6588
2971
2601
-5266
8837
-1552
9907
3729
-3672
5289
-1629
-2165
5060
-5445
-6956
2317
9224
-98
4392
-3139
6617
5870
-5361
8380
7528
4564
7345
-4007
-5430
-7351
-7550
-7906
4547
-5478
8318
4240
4172
5260
5526
9320
1269
-5591
4348
-995
3693
6518
105
-1373
4219
9167
-1096
-5416
8309
-3152
9545
7949
4781
9552
3598
-6286
1793
4563
4519
-6611
6922
-7896
-2071
6475
-2049
9495
-280
2410
-5501
-1026
6100
-2801
8729
1049
-2951
-8185
7725
-6629
-7710
4453
4386
1724
-7421
1584
9339
9497
9095
-6162
2887
1141
-1260
9668
-2380
-4434
4526
3656
4262
4716
-2331
-6721
5727
1637
-4985
-3864
8324
-5383
7193
-9021
9260
9881
-1026
-6750
-4559
-7940
-8831
7990
4599
-7835
1215
-9304
-8089
-2661
-1239
1837
1224
-737
-2715
8852
-1934
3125
4296
9587
8037
-8978
-4819
9811
-5501
-278
7513
4519
1988
647
4560
-5558
-2905
9163
-4549
-646
-2780
-711
-1118
1537
9221
353
3521
9600
-9629
2052
-7978
3499
-5494
-3372
8897
-627
-6691
8116
4479
4149
818
27
-247
4120
1313
1234
-654
8936
-5786
7384
-1362
-907
-8594
9175
9393
886
2232
2859
-418
-2008
81
-554
-4999
-1297
3595
8193
-5569
2469
7024
-4751
1128
-1231
2974
-8728
-1017
9657
-9768
-3630
-8195
4578
8982
6097
7370
9087
9587
-1275
-6923
7199
-7600
-5715
4131
-6363
-8872
5643
2754
-6460
8781
8830
3350
4414
-418
-488
1879
-2785
-5858
7086
9625
1502
2875
4211
-4059
121
-6189
-8634
52
4430
2802
-364
6420
4293
7281
-664
-5860
8824
-5605
-9591
-5786
792
9692
4576
9010
9645
4575
560
-3370
4526
-5067
2949
51
5086
-1274
1601
6592
6533
-960
9227
2002
-679
-309
7561
-9095
-5229
6550
8216
-5518
-6331
9522
4724
4330
6923
8443
-1091
-434
-8664
-627
-5326
-6707
-1505
4311
3634
1934
4672
-5271
4021
8703
5172
-512
7125
7487
4364
531
4291
-1712
6193
4280
-5344
-2031
-1416
2343
-397
6197
-7274
-5617
-3263
617
-7421
-390
-5103
1691
4399
4621
-5606
-3555
4646
3752
4012
-8956
-6840
4713
3452
4711
-9129
-2380
3711
-8483
-876
-2048
-5445
-9116
-5451
4510
-373
4961
-3072
4199
4234
1206
-5276
-2766
-9006
6899
8768
4749
-2075
-5399
-6078
-1541
-4051
7487
-5261
-2449
1028
9862
-3151
-812
-772
-2154
2511
2394
2058
7073
-5365
2819
2626
-5121
9668
8110
-2500
-6622
2020
-381
9152
-8609
3431
8494
2665
-7950
-1712
-9432
8231
8971
6070
-206
-7890
-9378
-4921
9965
5693
849
-5207
-1188
-1752
-7347
4789
-3608
-5214
2725
6947
-1813
-5549
-4241
-8089
-4268
-1004
-4046
-4912
-6009
8668
1303
2088
-1988
-964
-8797
-9779
-278
-2926
-5998
9811
8970
3961
-814
-488
7216
9210
-4316
8460
9062
-7306
-1712
8871
-597
-5903
-5925
-9992
4838
-5388
-3226
-2247
1670
6100
-4288
-4237
-1007
-340
-5908
9625
-4553
-2625
-154
8901
7039
-8049
-8355
2014
784
-7192
9824
9293
3213
8052
-7940
-8032
-295
9846
-759
-1363
7314
-2486
-4224
5796
4468
-6186
-148
-5606
-5471
-9305
7857
3211
-7268
9657
-180
-5657
-2576
-1262
9104
-2084
5727
9600
-9374
-4553
-5304
9650
-7049
-1682
-9787
4828
8354
-1176
-3747
1669
-9221
9104
-3213
9799
-1246
-5210
7468
-140
4311
1845
-2272
98
8282
4557
7869
-9787
-6690
4750
9898
5804
7400
4807
3020
-7024
4857
-8380
3893
6217
1864
9871
-8560
-101
-5154
-1067
7770
-5111
9388
-7049
1863
-3394
9039
-96
1666
3728
8706
-1234
-6286
-1793
9975
1947
-9095
8015
8000
-5103
-1100
-8049
-1792
4774
1985
-2067
-5304
4909
1666
-5155
8279
-2031
6279
-5093
-7184
-8955
-8364
-5699
4616
6187
10000
4536
-5247
-2360
-5638
-4618
671
4290
9291
8584
2929
-7308
9923
1533
1955
-9973
-82
5794
-2763
9600
-72
9932
-8227
-8738
-5174
802
6418
90
-4978
5848
9416
-5061
-4424
-4045
-1963
9913
-5267
-6917
-9433
-5585
8666
-9961
1595
-5085
-3954
9719
305
-6587
4613
5608
4141
1485
-8441
-9643
7618
3087
-6073
-706
-1956
6291
-423
9103
9746
-650
4292
9254
-2464
4667
-82
-7136
-640
5424
-737
6309
7136
-3826
4712
-275
9877
8052
1132
4860
4713
-6917
-683
9063
9881
2917
-506
-3811
-6820
9632
-891
8035
4752
1436
-835
8176
-7004
2154
-5026
6391
-43
3568
2094
-8544
-8444
-557
8024
-1243
-9184
-5061
-440
3632
6693
9717
8442
-5304
4917
-6598
-5458
1135
-5451
4983
-1065
5700
-6297
9977
703
-19
7514
-1604
-16
-5374
9967
5990
-1704
-411
5990
-5064
6897
-5467
8099
2884
9675
-5430
4209
9948
7512
-4457
-1299
2512
